====
6.6462e-06, -1.14331e-05, -0.0143837, 4.05209e-05, -3.59662e-05, 0.000116713, 0, 0, 0, 0
-8.73804e-06, 2.21705e-05, -0.0566848, -0.000701162, -0.000412092, -1.56152e-05, 0, 0, 0, 0
1.72729e-05, -2.04351e-05, -0.0239413, 0.000354738, 0.000302793, -5.16638e-05, 0, 0, 0, 0
9.24899e-06, -1.0099e-05, -0.0137745, 5.10541e-05, -0.000160949, 1.52641e-05, 0, 0, 0, 0
6.55479e-06, 9.73229e-06, -0.0155093, -0.000352507, -0.000317235, 4.05488e-05, 0, 0, 0, 0
1.60303e-05, -1.78373e-05, -0.00588785, 0.000596669, 0.000237309, 3.54475e-05, 0, 0, 0, 0
1.21333e-05, -2.43599e-06, -0.00913822, 7.95663e-05, -1.04802e-05, 2.2989e-05, 0, 0, 0, 0
1.1425e-05, 1.85728e-06, -0.00902835, -0.00012617, -0.000348703, 5.40949e-06, 0, 0, 0, 0
1.52212e-05, 1.20967e-05, -0.0134188, 0.000504028, -9.93003e-05, 2.34568e-05, 0, 0, 0, 0
1.90745e-05, 1.27439e-05, -0.0141797, 0.000111475, -0.000263363, 3.03019e-05, 0, 0, 0, 0
4.88561e-05, 2.87199e-05, -0.017112, 2.11458e-06, -0.000444531, 3.48401e-05, 0, 0, 0, 0
3.58417e-05, 6.44399e-06, -0.0154206, 0.000388301, -0.0002888, 2.05733e-05, 0, 0, 0, 0
9.12769e-05, 2.84596e-05, -0.017649, 0.000276357, 0.00011497, -1.25214e-05, 0, 0, 0, 0
9.42012e-05, 3.78074e-05, -0.0181405, 0.000222153, -0.000301654, 4.78207e-05, 0, 0, 0, 0
0.000121231, 6.69306e-05, -0.0185982, 2.77483e-05, -0.000605782, 4.35122e-05, 0, 0, 0, 0
8.85929e-05, 4.6635e-05, -0.0195995, 0.000477093, 0.000454567, -6.4771e-06, 0, 0, 0, 0
0.000130081, 5.73727e-05, -0.0206716, 0.000271719, -0.000419118, 2.41435e-05, 0, 0, 0, 0
0.000418353, 0.000167219, -0.021103, -1.47368e-05, -0.000794866, 7.25955e-06, 0, 0, 0, 0
0.000313762, 0.000101681, -0.0222058, 0.000794375, 0.000722412, -7.78417e-06, 0, 0, 0, 0
0.000604384, 0.000205657, -0.0221491, 0.000452139, -0.000508608, 5.96163e-05, 0, 0, 0, 0
0.000562044, 0.000223307, -0.0230302, -0.000170881, -0.000858285, 5.68906e-06, 0, 0, 0, 0
0.000392236, 0.000146643, -0.0244253, 0.00118171, 0.000941365, -3.59066e-05, 0, 0, 0, 0
0.000657583, 0.000232709, -0.0244692, 0.000510657, -0.000484647, 5.17631e-05, 0, 0, 0, 0
0.00127868, 0.000470856, -0.0236178, -0.000278892, -0.000796357, -1.07449e-06, 0, 0, 0, 0
0.000835527, 0.000266964, -0.025767, 0.00142827, 0.00145124, -3.79665e-05, 0, 0, 0, 0
0.0011754, 0.000394853, -0.0255806, 0.000605278, -0.000422372, 5.54099e-05, 0, 0, 0, 0
0.00184141, 0.000663688, -0.0248462, -0.000200503, -0.00071975, 1.05238e-05, 0, 0, 0, 0
0.00135239, 0.000439052, -0.0266967, 0.00164078, 0.00159186, -1.80705e-05, 0, 0, 0, 0
0.00166892, 0.000576896, -0.0266227, 0.000805545, 0.00010699, 3.86034e-05, 0, 0, 0, 0
0.00275115, 0.00100307, -0.0252504, -7.10058e-05, -0.00106506, -8.81856e-06, 0, 0, 0, 0
0.00209609, 0.000697676, -0.0272418, 0.0017168, 0.00133076, 2.31059e-05, 1, 0, 0, 0
-0.0145013, 0.00137016, 0.232739, -0.00218347, -1.40889, 0.104113, 1, 0, 0, 0
-0.0957963, 0.00148239, 0.630476, 0.00563539, -3.06229, 0.112899, 1, 0, 0, 0
-0.0171988, -0.00646898, 0.808821, -0.013085, -3.77044, 0.171876, 1, 0, 0, 0
-0.0396614, -0.014545, 0.838326, -0.0129764, -4.15921, 0.193915, 1, 0, 0, 0
-0.128661, -0.0182648, 0.874225, -0.0293872, -4.02328, 0.149911, 1, 0, 0, 0
-0.069303, -0.0371949, 0.905828, -0.0393648, -4.21681, 0.169691, 1, 0, 0, 0
-0.130048, -0.0469557, 1.02359, -0.0493063, -4.03905, 0.188879, 1, 0, 0, 0
-0.106029, -0.0528526, 1.09612, -0.0652738, -4.21919, 0.171882, 1, 0, 0, 0
-0.253643, -0.0572121, 1.21998, -0.0759945, -4.16557, 0.163857, 1, 0, 0, 0
-0.267448, -0.070281, 1.44487, -0.0870494, -3.88611, 0.179866, 1, 0, 0, 0
-0.253367, -0.0751142, 1.4286, -0.0951078, -4.24861, 0.181823, 1, 0, 0, 0
-0.334592, -0.0672052, 1.54143, -0.100075, -4.18664, 0.166393, 1, 0, 0, 0
-0.350275, -0.0735105, 1.74836, -0.113294, -3.83995, 0.172577, 1, 0, 0, 0
-0.348044, -0.0775239, 1.61764, -0.107622, -4.22187, 0.185636, 1, 0, 0, 0
-0.358627, -0.068422, 1.64244, -0.103846, -4.19929, 0.180336, 1, 0, 0, 0
-0.336158, -0.0633238, 1.77474, -0.122448, -3.85418, 0.173264, 1, 0, 0, 0
-0.371385, -0.0649328, 1.58631, -0.10408, -4.1723, 0.184755, 1, 0, 0, 0
-0.292878, -0.0552489, 1.54402, -0.0925901, -4.19626, 0.185385, 1, 0, 0, 0
-0.266786, -0.0488635, 1.57198, -0.110955, -3.91399, 0.178153, 1, 0, 0, 0
-0.302849, -0.0410842, 1.39953, -0.0852148, -4.1341, 0.181086, 1, 0, 0, 0
-0.246681, -0.0359674, 1.3047, -0.0642013, -4.17663, 0.185464, 1, 0, 0, 0
-0.130511, -0.0328122, 1.29854, -0.079946, -3.98795, 0.179703, 1, 0, 0, 0
-0.257754, -0.0178781, 1.14804, -0.0513335, -4.12093, 0.17978, 1, 0, 0, 0
-0.124099, -0.0209313, 1.10866, -0.029739, -4.12108, 0.183961, 1, 0, 0, 0
-0.107638, -0.0125889, 1.06842, -0.0365028, -4.04636, 0.179286, 1, 0, 0, 0
-0.15245, -0.00207793, 1.01685, -0.0132193, -4.08224, 0.179158, 1, 0, 0, 0
-0.0205112, -0.00847697, 1.01833, -0.000692009, -4.02779, 0.18214, 1, 0, 0, 0
-0.0675608, 0.00276668, 1.00194, 0.0040355, -4.07424, 0.177513, 1, 0, 0, 0
0.0291108, -0.00365299, 1.01297, 0.0220181, -4.06799, 0.179376, 1, 0, 0, 0
-0.06758, 0.0156542, 1.01885, 0.0180164, -3.94328, 0.17938, 1, 0, 0, 0
0.0392076, 0.00411263, 1.06186, 0.0408118, -4.06425, 0.175308, 1, 0, 0, 0
0.0196477, 0.010572, 1.09777, 0.0493978, -4.0936, 0.17797, 1, 0, 0, 0
0.0111247, 0.0185412, 1.11451, 0.0304128, -3.90992, 0.178016, 1, 0, 0, 0
0.0743328, 0.00920929, 1.15324, 0.0579799, -4.03946, 0.174122, 1, 0, 0, 0
0.0677466, 0.0114571, 1.20783, 0.067394, -4.14256, 0.176965, 1, 0, 0, 0
0.0764668, 0.0155189, 1.19998, 0.0335676, -3.92741, 0.177379, 1, 0, 0, 0
0.103204, 0.0100661, 1.21993, 0.0593707, -4.02804, 0.17461, 1, 0, 0, 0
0.110887, 0.00861778, 1.26568, 0.0703053, -4.17356, 0.175767, 1, 0, 0, 0
0.137489, 0.00599482, 1.22107, 0.039349, -3.9484, 0.175836, 1, 0, 0, 0
0.131336, 0.00673496, 1.21897, 0.0477932, -4.03532, 0.175244, 1, 0, 0, 0
0.138857, 0.00346046, 1.24266, 0.0704879, -4.17617, 0.176137, 1, 0, 0, 0
====
-4.28016e-05, 0.000100891, -0.0130337, 0.000217993, -0.000171223, 2.28762e-05, 0, 0, 0, 0
3.71956e-05, 2.04396e-05, -0.0613455, 0.000198934, 0.000196681, -2.69296e-05, 0, 0, 0, 0
-9.50642e-06, 9.77707e-05, -0.0234328, 6.97149e-05, -4.32084e-06, 3.7635e-05, 0, 0, 0, 0
5.58293e-06, 3.20955e-05, -0.0241335, -0.000319197, -0.00038079, 1.6865e-05, 0, 0, 0, 0
2.95117e-05, -4.09983e-06, -0.0164917, 0.000223602, 0.000209709, -1.7545e-05, 0, 0, 0, 0
2.29989e-05, 3.57326e-05, -0.0073974, 8.53989e-05, 0.000312965, 4.09158e-05, 0, 0, 0, 0
1.06087e-07, 9.87209e-06, -0.00768196, -0.00026734, -0.000109222, 1.27282e-05, 0, 0, 0, 0
-6.87337e-05, -0.000146921, -0.015922, -0.000303656, 0.00021179, -1.41806e-05, 0, 0, 0, 0
-3.0193e-05, -7.80879e-05, -0.0118278, -0.000356525, 0.000495055, 3.68804e-05, 0, 0, 0, 0
-8.35533e-05, -0.000167248, -0.0144399, -0.0003819, 0.000398719, 5.46526e-06, 0, 0, 0, 0
-0.000305265, -0.000409905, -0.0156959, -0.00142045, 0.000109871, -7.92802e-06, 0, 0, 0, 0
-0.000104502, -0.000214747, -0.0152394, -0.00131655, 0.000581854, 3.11404e-05, 0, 0, 0, 0
-0.000779423, -0.00104576, -0.0175196, 0.000697049, 0.00121235, 3.98168e-06, 0, 0, 0, 0
-0.000894759, -0.00104215, -0.0172317, -0.002392, -0.000407662, 2.70829e-06, 0, 0, 0, 0
-0.000152377, -0.000272396, -0.0187185, -0.00243855, -7.38899e-05, 4.10276e-05, 0, 0, 0, 0
-0.00152623, -0.00199138, -0.0179054, 0.00296553, 0.00185068, 6.68031e-07, 0, 0, 0, 0
-0.00126695, -0.00142948, -0.0199218, -0.00289701, -0.00147424, 1.88447e-05, 0, 0, 0, 0
-0.00155447, -0.00178136, -0.0205776, -0.00317613, -0.00181336, 3.3927e-05, 0, 0, 0, 0
-0.00209449, -0.00271581, -0.0215374, 0.00607404, 0.00176058, 4.08811e-06, 0, 0, 0, 0
-0.00244862, -0.00280244, -0.0230216, -0.00268396, -0.00267353, 4.13689e-05, 0, 0, 0, 0
-0.00644143, -0.00720618, -0.0174836, -0.00476346, -0.00418623, 2.18038e-05, 0, 0, 0, 0
-0.00159243, -0.00191623, -0.0281036, 0.00749051, 0.00198931, 2.26407e-05, 0, 0, 0, 0
-0.00579244, -0.00666749, -0.0235823, -0.00255912, -0.00276944, 6.2041e-05, 0, 0, 0, 0
-0.00578379, -0.00657724, -0.0260823, -0.00537447, -0.00704861, 1.41535e-06, 0, 0, 0, 0
-0.00876661, -0.010676, -0.0235307, 0.0063781, 0.0013526, 2.01501e-05, 0, 0, 0, 0
-0.0117763, -0.0137011, -0.0221403, -0.00167806, -0.00344571, 8.5675e-05, 0, 0, 0, 0
-0.00644491, -0.00726283, -0.0344092, -0.00773084, -0.010112, -3.22463e-05, 0, 0, 0, 0
-0.0137365, -0.0163555, -0.0259552, 0.00447796, -0.000362405, 3.24721e-05, 0, 0, 0, 0
-0.0122306, -0.0140185, -0.0323881, -0.00166239, -0.00510808, 4.95652e-05, 0, 0, 0, 0
-0.0219472, -0.0244687, -0.0216468, -0.0131479, -0.0127365, -4.87723e-05, 0, 0, 0, 0
-0.0130161, -0.0156253, -0.0381498, 0.00151684, -0.00251409, -3.41075e-06, 0, 0, 0, 0
-0.02286, -0.0269341, -0.0285368, -0.00333062, -0.00404195, 5.50439e-05, 0, 0, 0, 0
-0.0210272, -0.0234975, -0.0369683, -0.0147488, -0.0155493, -4.53294e-05, 0, 0, 0, 0
-0.032505, -0.0379468, -0.0229018, -0.00643166, -0.00363061, -2.33917e-05, 0, 0, 0, 0
-0.0209371, -0.0244056, -0.0457579, -0.00308119, -0.00763076, 3.6331e-05, 0, 0, 0, 0
-0.0356213, -0.0400088, -0.02982, -0.0220811, -0.0160538, -2.38098e-05, 0, 0, 0, 0
-0.0313406, -0.0370272, -0.0423079, -0.0077165, -0.00860708, 1.80462e-05, 0, 0, 0, 0
-0.0461756, -0.0548794, -0.0251781, -0.0044734, -0.00508429, 1.59949e-05, 0, 0, 0, 0
-0.0365829, -0.0410458, -0.0488381, -0.0189973, -0.0194956, -2.56105e-05, 0, 0, 0, 0
-0.0518293, -0.0600357, -0.0241042, -0.0228109, -0.00593714, 2.58104e-05, 0, 0, 0, 0
-0.0482005, -0.0569015, -0.0433368, -0.00362722, -0.0126465, -4.30443e-05, 0, 0, 0, 0
-0.0623953, -0.0706231, -0.0284392, -0.0333319, -0.0180889, 4.58108e-06, 0, 0, 0, 0
-0.0662967, -0.0768475, -0.0274522, -0.0250361, -0.0122254, -5.27839e-05, 0, 0, 0, 0
-0.0473037, -0.0565674, -0.0667603, -0.0086698, -0.0100253, -4.3484e-05, 0, 0, 0, 0
-0.0626162, -0.0705699, -0.0518612, -0.0406245, -0.019505, 1.37837e-05, 0, 0, 0, 0
-0.07666, -0.0876263, -0.0398891, -0.0341161, -0.0219581, -2.22057e-05, 0, 0, 0, 0
-0.0690627, -0.0827322, -0.0678121, -0.0117782, -0.0164546, -7.23982e-05, 0, 0, 0, 0
-0.094095, -0.107871, -0.0319598, -0.0462807, -0.018932, 8.84814e-05, 0, 0, 0, 0
-0.0812656, -0.0938112, -0.0611475, -0.0364322, -0.0216272, -5.52559e-05, 0, 0, 0, 0
-0.0858682, -0.103178, -0.0669799, -0.0208885, -0.0135515, -0.00010112, 0, 0, 0, 0
-0.095515, -0.109416, -0.065994, -0.0460016, -0.0256783, 4.38783e-05, 0, 0, 0, 0
-0.109435, -0.125721, -0.0561101, -0.0440984, -0.0265281, -7.24412e-05, 0, 0, 0, 0
-0.0904071, -0.106927, -0.0915217, -0.037695, -0.0185073, -7.98843e-05, 0, 0, 0, 0
-0.118169, -0.136801, -0.0605292, -0.0527341, -0.0242569, -4.47473e-05, 0, 0, 0, 0
-0.1154, -0.13172, -0.0807058, -0.0527582, -0.0336899, -7.39148e-05, 0, 0, 0, 0
-0.135184, -0.159271, -0.052637, -0.0551146, -0.0167938, -4.93258e-05, 0, 0, 0, 0
-0.116375, -0.134533, -0.0991294, -0.0583135, -0.0286306, -4.32254e-05, 0, 0, 0, 0
-0.143982, -0.164103, -0.0664322, -0.0722816, -0.033077, -0.000102036, 0, 0, 0, 0
-0.137334, -0.162287, -0.0882542, -0.0540098, -0.0300294, -4.97387e-05, 0, 0, 0, 0
-0.165423, -0.190709, -0.0447317, -0.08571, -0.0268916, 9.17078e-05, 0, 0, 0, 0
-0.154372, -0.178521, -0.081349, -0.0714129, -0.0409881, -0.000122947, 0, 0, 0, 0
-0.151391, -0.17915, -0.086965, -0.0700825, -0.0298182, -0.000124999, 0, 0, 0, 0
-0.156145, -0.18085, -0.0887737, -0.0794097, -0.0385015, -9.55787e-05, 0, 0, 0, 0
-0.15727, -0.182643, -0.0926338, -0.0798529, -0.0401563, -0.000118651, 0, 0, 0, 0
-0.187781, -0.218233, -0.0516652, -0.0890453, -0.0379214, -0.000120886, 0, 0, 0, 0
-0.18537, -0.214465, -0.0721362, -0.0847949, -0.0469727, -0.000203001, 0, 0, 0, 0
-0.165628, -0.193939, -0.0846973, -0.0963074, -0.0376739, -0.000187814, 0, 0, 0, 0
-0.177072, -0.206287, -0.0711995, -0.10509, -0.0371596, -8.41517e-05, 0, 0, 0, 0
-0.193534, -0.224168, -0.0614381, -0.09894, -0.0467067, -0.000286483, 0, 0, 0, 0
-0.175585, -0.208511, -0.0606425, -0.107736, -0.034229, -0.000172719, 0, 0, 0, 0
-0.201462, -0.235512, -0.0240488, -0.121017, -0.0368783, -6.42297e-05, 0, 0, 0, 0
-0.194585, -0.220105, -0.0553247, -0.125425, -0.049928, -0.00028268, 0, 0, 0, 0
-0.199543, -0.239482, -0.0418345, -0.121831, -0.034038, -0.000266476, 0, 0, 0, 0
-0.197712, -0.236758, -0.0611421, -0.128482, -0.0396207, -0.000134167, 0, 0, 0, 0
-0.205671, -0.243657, -0.0542497, -0.139872, -0.0469963, -0.000313484, 0, 0, 0, 0
-0.197332, -0.246811, -0.063849, -0.130331, -0.0345104, -0.000173266, 0, 0, 0, 0
-0.219668, -0.270265, -0.0488378, -0.133538, -0.0461605, -0.000136732, 0, 0, 0, 0
-0.21613, -0.256788, -0.0722344, -0.132441, -0.0583606, -0.000426463, 0, 0, 0, 0
-0.209217, -0.257514, -0.0649549, -0.130616, -0.0404063, -0.000117517, 0, 0, 0, 0
-0.21895, -0.266725, -0.045807, -0.136441, -0.0420031, -5.98629e-05, 0, 0, 0, 0
-0.216499, -0.242349, -0.0636904, -0.147095, -0.0606808, -0.000531808, 0, 0, 0, 0
-0.211856, -0.250518, -0.0359431, -0.136123, -0.0386632, -0.000322986, 0, 0, 0, 0
-0.217707, -0.24995, -0.0294922, -0.140472, -0.04502, 2.70355e-05, 0, 0, 0, 0
-0.232385, -0.245619, -0.00914694, -0.183941, -0.0476047, -0.00044228, 0, 0, 0, 0
-0.223237, -0.249378, -0.020952, -0.143161, -0.0387173, -0.000362943, 0, 0, 0, 0
-0.22551, -0.248312, -0.0246592, -0.14414, -0.0386135, -4.82499e-05, 0, 0, 0, 0
-0.233104, -0.231155, -0.0082559, -0.187823, -0.0515576, -0.000321635, 0, 0, 0, 0
-0.235022, -0.246206, -0.011923, -0.157971, -0.0400602, -0.000382092, 0, 0, 0, 0
-0.232554, -0.256276, -0.0181677, -0.127451, -0.0466226, -0.000202125, 0, 0, 0, 0
-0.23588, -0.238516, 0.00197061, -0.181307, -0.0524431, -0.000218746, 1, 0, 0, 0
-0.341077, -0.26172, 0.0332964, -0.15775, -0.501082, 0.0587782, 1, 0, 0, 0
-0.847549, -0.29282, -0.152329, -0.130643, -1.85162, 0.0584464, 1, 0, 0, 0
-0.624774, -0.293618, 0.105278, -0.178538, -1.76408, 0.0759067, 1, 0, 0, 0
-0.58521, -0.294209, 0.185424, -0.186248, -2.08281, 0.0881283, 1, 0, 0, 0
-0.457939, -0.308321, 0.306063, -0.135015, -2.10753, 0.0841134, 1, 0, 0, 0
-0.311858, -0.295891, 0.472462, -0.186216, -2.07371, 0.0809996, 1, 0, 0, 0
-0.228683, -0.292408, 0.580986, -0.214281, -2.10562, 0.0848828, 1, 0, 0, 0
-0.126397, -0.300826, 0.711847, -0.178872, -1.98152, 0.0859028, 1, 0, 0, 0
-0.097911, -0.300355, 0.772976, -0.195748, -2.05926, 0.0841368, 1, 0, 0, 0
-0.118937, -0.280613, 0.800459, -0.217466, -2.10542, 0.0843106, 1, 0, 0, 0
0.00785837, -0.321275, 0.960966, -0.185479, -1.92175, 0.085428, 1, 0, 0, 0
-0.0301197, -0.30527, 0.945157, -0.206266, -1.99572, 0.0851152, 1, 0, 0, 0
-0.0768187, -0.290902, 0.88878, -0.21361, -2.0989, 0.0854494, 1, 0, 0, 0
-0.0343679, -0.318244, 1.00811, -0.196009, -1.91171, 0.085371, 1, 0, 0, 0
-0.0419573, -0.285374, 0.95374, -0.201105, -1.9448, 0.0852689, 1, 0, 0, 0
-0.10563, -0.281634, 0.841308, -0.197764, -2.06687, 0.0868497, 1, 0, 0, 0
-0.118925, -0.300485, 0.887125, -0.189889, -1.92841, 0.085664, 1, 0, 0, 0
-0.116057, -0.282252, 0.838222, -0.190968, -1.91535, 0.0854262, 1, 0, 0, 0
-0.172795, -0.27887, 0.713466, -0.17094, -2.03112, 0.0872376, 1, 0, 0, 0
-0.0912182, -0.241093, 0.687166, -0.178961, -1.94596, 0.0862402, 1, 0, 0, 0
-0.174815, -0.265868, 0.660331, -0.160969, -1.9272, 0.0857522, 1, 0, 0, 0
-0.230135, -0.264678, 0.572259, -0.141583, -1.99616, 0.0875383, 1, 0, 0, 0
-0.134628, -0.229034, 0.534961, -0.146357, -1.94851, 0.0866172, 1, 0, 0, 0
-0.221739, -0.238819, 0.507697, -0.144701, -1.95959, 0.0859286, 1, 0, 0, 0
-0.242754, -0.236145, 0.471833, -0.122916, -1.96029, 0.087209, 1, 0, 0, 0
-0.19668, -0.217294, 0.444798, -0.1209, -1.94843, 0.0869257, 1, 0, 0, 0
-0.271682, -0.219351, 0.424794, -0.124258, -2.00773, 0.0859633, 1, 0, 0, 0
-0.197925, -0.20348, 0.416213, -0.105476, -1.94649, 0.0864642, 1, 0, 0, 0
-0.20294, -0.200729, 0.411328, -0.0938622, -1.94472, 0.0869976, 1, 0, 0, 0
-0.283906, -0.20292, 0.414095, -0.104704, -2.03798, 0.0863285, 1, 0, 0, 0
-0.205265, -0.188471, 0.411519, -0.0813521, -1.96802, 0.0858586, 1, 0, 0, 0
-0.194769, -0.184862, 0.423, -0.0678553, -1.94653, 0.0866463, 1, 0, 0, 0
-0.205964, -0.175938, 0.431324, -0.0837526, -2.04227, 0.0866464, 1, 0, 0, 0
-0.179646, -0.169956, 0.434237, -0.0609274, -1.99455, 0.0859402, 1, 0, 0, 0
-0.171533, -0.167044, 0.463218, -0.0585116, -1.95646, 0.0864798, 1, 0, 0, 0
-0.146808, -0.151837, 0.456427, -0.0622592, -2.03542, 0.0868994, 1, 0, 0, 0
-0.153484, -0.154415, 0.482124, -0.0515598, -2.01899, 0.0865457, 1, 0, 0, 0
-0.119825, -0.141489, 0.486738, -0.0615364, -1.97706, 0.0868008, 1, 0, 0, 0
-0.122807, -0.138536, 0.493466, -0.0510756, -2.03576, 0.0869947, 1, 0, 0, 0
-0.111954, -0.142718, 0.510401, -0.0451018, -2.0375, 0.0871051, 1, 0, 0, 0
-0.0941605, -0.13159, 0.516717, -0.0649592, -2.00286, 0.0873709, 1, 0, 0, 0
====
1.89206e-06, -8.92444e-08, 0.0338474, -9.72515e-06, -3.24879, 2.81454e-08, 0, 0, 0, 0
-0.000353176, -5.84754e-08, 0.0266523, -1.07764e-05, -2.932, 4.25169e-08, 0, 0, 0, 0
-0.00397953, 3.19326e-07, 0.0234943, -6.22411e-05, -2.99565, -7.18521e-08, 0, 0, 0, 0
-0.00771592, 2.15394e-06, 0.0236162, -0.000281836, -3.33984, -5.3512e-07, 0, 0, 0, 0
-0.00565211, 2.09155e-06, 0.0284993, -0.000719029, -3.52474, -5.22005e-07, 0, 0, 0, 0
-0.00982965, 6.29744e-06, 0.0320265, -0.00135428, -3.51327, 9.92722e-07, 0, 0, 0, 0
-0.0170899, 1.84168e-05, 0.0341099, -0.00200652, -3.40077, 1.46895e-06, 0, 0, 0, 0
-0.0185754, 1.3399e-05, 0.0361975, -0.0025362, -3.27706, 1.03993e-06, 0, 0, 0, 0
-0.0220319, 2.10008e-05, 0.0372485, -0.00287918, -3.18844, 4.24923e-07, 0, 0, 0, 0
-0.0245965, 2.50659e-05, 0.0370772, -0.00300923, -3.1462, -1.26488e-07, 0, 0, 0, 0
-0.025287, 3.05614e-05, 0.0361036, -0.00300504, -3.13796, 1.63934e-07, 0, 0, 0, 0
-0.0269368, 3.27368e-05, 0.0346328, -0.00287824, -3.15432, 8.10388e-08, 0, 0, 0, 0
-0.0265045, 2.38226e-05, 0.0336042, -0.00270167, -3.18172, 2.94764e-07, 0, 0, 0, 0
-0.0261779, 2.24124e-05, 0.0331096, -0.00255769, -3.20517, 7.8302e-07, 0, 0, 0, 0
-0.0242535, -1.80054e-05, 0.033065, -0.00239844, -3.22412, 9.49649e-07, 0, 0, 0, 0
-0.0242097, -3.80362e-06, 0.0330686, -0.00231613, -3.23443, 1.18487e-06, 0, 0, 0, 0
-0.0225419, -6.21433e-05, 0.0332959, -0.00228035, -3.24026, 1.12357e-06, 0, 0, 0, 0
-0.0220461, -7.60717e-05, 0.0334713, -0.0022112, -3.24132, 1.26178e-07, 0, 0, 0, 0
-0.0213771, -0.00010042, 0.0336021, -0.00223742, -3.2385, 1.6371e-06, 0, 0, 0, 0
-0.0209563, -0.000118262, 0.0336233, -0.00212961, -3.23629, 3.87535e-06, 0, 0, 0, 0
-0.019325, -0.000212797, 0.0337734, -0.00214412, -3.23405, 4.30474e-06, 0, 0, 0, 0
-0.0189665, -0.000235743, 0.0337775, -0.00202446, -3.23336, 2.5375e-06, 0, 0, 0, 0
-0.0172216, -0.000352008, 0.0338544, -0.00203768, -3.23212, 3.77057e-06, 0, 0, 0, 0
-0.0176019, -0.000326633, 0.0336979, -0.00185977, -3.23336, 3.98305e-06, 0, 0, 0, 0
-0.0159176, -0.000457655, 0.0338256, -0.00194564, -3.23332, 3.89157e-06, 0, 0, 0, 0
-0.0156031, -0.000491478, 0.033701, -0.00176574, -3.23537, 6.51687e-06, 0, 0, 0, 0
-0.0150264, -0.000536475, 0.0336646, -0.00190276, -3.23563, 8.18108e-06, 0, 0, 0, 0
-0.0143268, -0.000619298, 0.0336128, -0.00169469, -3.23725, 1.07196e-05, 0, 0, 0, 0
-0.0132964, -0.000745401, 0.0336821, -0.00179028, -3.23754, 1.13536e-05, 0, 0, 0, 0
-0.0128137, -0.000823314, 0.0336139, -0.00156177, -3.23976, 1.40394e-05, 0, 0, 0, 0
-0.0121175, -0.000932091, 0.0336717, -0.00188061, -3.23942, 1.45067e-05, 1, 0, 0, 0
-0.0129169, -0.00245177, 0.824822, 2.29796, -4.68912, -0.118601, 1, 0, 0, 0
0.061673, 0.0922554, 2.55222, 11.8887, -12.7586, -0.443511, 1, 0, 0, 0
0.362506, 0.383835, 4.04665, 19.6896, -25.3576, -0.767179, 1, 0, 0, 0
0.237377, 0.347894, 4.70235, 23.5094, -34.744, -0.964778, 1, 0, 0, 0
====
0.00284721, -6.42874e-07, 0.0320567, 0.00217997, -3.49731, -5.90352e-06, 0, 0, 0, 0
0.000271811, -3.44981e-05, 0.0312581, 0.00121563, -3.36468, -2.71927e-06, 0, 0, 0, 0
0.00330855, -3.02459e-05, 0.0340899, 6.07587e-08, -3.36022, -2.97314e-06, 0, 0, 0, 0
-0.000623266, -5.25529e-05, 0.0355021, -0.00100086, -3.39728, -3.20139e-06, 0, 0, 0, 0
-0.00612624, -3.10964e-05, 0.0360402, -0.00174928, -3.38124, -6.39582e-07, 0, 0, 0, 0
-0.0068132, -4.94671e-05, 0.0382096, -0.00230128, -3.30243, 1.9635e-07, 0, 0, 0, 0
-0.00979896, -3.20173e-05, 0.0384236, -0.0027873, -3.2136, 1.72615e-06, 0, 0, 0, 0
-0.0118893, -2.33898e-05, 0.0384528, -0.00242288, -3.14042, -1.49096e-06, 0, 0, 0, 0
-0.0104984, -3.87835e-05, 0.036964, -0.00242676, -3.1041, -1.2639e-06, 0, 0, 0, 0
-0.0116621, -3.34385e-05, 0.0358677, -0.00198077, -3.09786, 5.49109e-06, 0, 0, 0, 0
-0.0106272, -6.07417e-05, 0.0346767, -0.00136168, -3.12575, 8.13157e-06, 0, 0, 0, 0
-0.00937239, -0.00020691, 0.0338332, -0.00108584, -3.17007, 5.22224e-06, 0, 0, 0, 0
-0.00755471, -0.000318505, 0.0335537, -0.000637488, -3.2241, 5.94543e-06, 0, 0, 0, 0
-0.00755191, -0.000537352, 0.033764, -0.000394379, -3.27169, 9.76405e-06, 0, 0, 0, 0
-0.00626144, -0.000506408, 0.0345358, -0.000806895, -3.29972, 1.39175e-05, 0, 0, 0, 0
-0.00801226, -0.0011824, 0.0345768, -0.00143563, -3.30927, 2.33502e-05, 0, 0, 0, 0
-0.00799446, -0.00144734, 0.0351163, -0.001727, -3.30443, 1.58137e-05, 0, 0, 0, 0
-0.00753543, -0.00138621, 0.035285, -0.00191417, -3.28698, 1.23019e-05, 0, 0, 0, 0
-0.00826615, -0.00159985, 0.0351781, -0.00325498, -3.26519, 1.36415e-05, 0, 0, 0, 0
-0.00850076, -0.00305822, 0.0353387, -0.00235428, -3.23834, 1.97033e-05, 0, 0, 0, 0
-0.00933118, -0.00268645, 0.034522, -0.00146407, -3.22034, 2.30394e-05, 0, 0, 0, 0
-0.0082566, -0.00396335, 0.0347463, -0.00359165, -3.20999, 3.49258e-05, 0, 0, 0, 0
-0.00842654, -0.00423406, 0.0339758, -0.0011604, -3.21092, 4.05082e-05, 0, 0, 0, 0
-0.00775293, -0.00495425, 0.0337883, -0.00369647, -3.21663, 4.25254e-05, 0, 0, 0, 0
-0.00705214, -0.00615102, 0.0334225, -0.000141549, -3.22987, 5.4319e-05, 0, 0, 0, 0
-0.00667971, -0.0068062, 0.0330306, 0.000697424, -3.24457, 5.96113e-05, 0, 0, 0, 0
-0.00629292, -0.00838386, 0.0335682, -0.000901799, -3.25802, 5.62982e-05, 0, 0, 0, 0
-0.00589877, -0.00837931, 0.0324259, 6.90996e-05, -3.26642, 5.75768e-05, 0, 0, 0, 0
-0.00598821, -0.0109116, 0.0334768, -0.000979263, -3.27048, 6.79474e-05, 0, 0, 0, 0
-0.00573323, -0.0108671, 0.0328106, -0.00240997, -3.27031, 6.28765e-05, 0, 0, 0, 0
-0.00578724, -0.0120098, 0.0324094, -0.00390221, -3.26609, 6.26667e-05, 0, 1, 0, 0
-0.0117129, -0.0183051, 1.4244, -3.76828, -0.614968, -0.204811, 0, 1, 0, 0
-0.368329, -0.454061, 4.79772, -19.6361, 13.8039, -0.809965, 0, 1, 0, 0
-1.02254, -1.18869, 7.19718, -36.25, 37.0982, -1.52858, 0, 1, 0, 0
====
0.00270313, -1.54866e-05, 0.0346387, 0.000204666, -3.43242, 3.45312e-07, 0, 0, 0, 0
0.00264064, -1.6785e-05, 0.0287242, -0.000608024, -3.23896, -4.76073e-07, 0, 0, 0, 0
0.00117189, -5.95592e-05, 0.0356994, -0.00135505, -3.16869, -1.10944e-06, 0, 0, 0, 0
-0.00557843, 9.03839e-06, 0.0334966, -0.00123969, -3.20766, 1.6629e-07, 0, 0, 0, 0
-0.00627315, -1.21921e-05, 0.0380102, -0.00095404, -3.2264, 1.60285e-07, 0, 0, 0, 0
-0.00733239, -8.69169e-06, 0.0407719, -0.000421291, -3.22018, 1.52943e-07, 0, 0, 0, 0
-0.00824623, 0.000103799, 0.038306, 0.00035204, -3.20235, 1.08981e-06, 0, 0, 0, 0
-0.00860503, 0.000191193, 0.0387089, 0.000924089, -3.19003, 1.94378e-06, 0, 0, 0, 0
-0.00915019, 0.000220738, 0.0390496, 0.00195489, -3.1878, -1.06083e-06, 0, 0, 0, 0
-0.00838663, 0.000502177, 0.0386971, 0.00216208, -3.1989, -6.99591e-06, 0, 0, 0, 0
-0.00805507, 0.00073457, 0.0388288, 0.00207286, -3.21936, -8.75062e-06, 0, 0, 0, 0
-0.00766018, 0.000745794, 0.0387351, 0.00226134, -3.24172, -3.54804e-06, 0, 0, 0, 0
-0.00647113, 0.001735, 0.039801, 0.0019865, -3.26299, 1.6578e-06, 0, 0, 0, 0
-0.00599454, 0.00198226, 0.0394062, 0.000646074, -3.27874, 1.76032e-05, 0, 0, 0, 0
-0.00555726, 0.00214727, 0.0386152, 0.00161469, -3.28722, 2.52028e-05, 0, 0, 0, 0
-0.00369163, 0.00436549, 0.04095, 0.00105801, -3.2885, 3.60654e-05, 0, 0, 0, 0
-0.00259295, 0.00531009, 0.0404564, -0.000363077, -3.28509, 3.37668e-05, 0, 0, 0, 0
-0.00153651, 0.00632476, 0.0384596, -0.00163414, -3.27856, 3.04865e-05, 0, 0, 0, 0
0.00178599, 0.00921237, 0.044154, 0.00334108, -3.27817, 4.19866e-05, 0, 0, 0, 0
0.0024286, 0.00988907, 0.0386709, -0.00139051, -3.27511, 3.81928e-05, 0, 0, 0, 0
0.00877995, 0.0149688, 0.0483, 0.00614484, -3.28022, 2.99855e-05, 0, 0, 0, 0
0.00693659, 0.0138649, 0.03476, -0.00155128, -3.28154, 2.33678e-05, 0, 0, 0, 0
0.0134074, 0.0191945, 0.0400037, 0.000608157, -3.29406, 1.50382e-05, 0, 0, 0, 0
0.0162357, 0.0216028, 0.0367282, -0.00381971, -3.29761, 7.71681e-06, 0, 0, 0, 0
0.0184696, 0.0233853, 0.0358999, 0.00960913, -3.3119, 4.01777e-06, 0, 0, 0, 0
0.0285871, 0.0323773, 0.0403322, -0.0062565, -3.31759, 1.41545e-06, 0, 0, 0, 0
0.0298754, 0.0332837, 0.0384557, 0.0111308, -3.34083, 8.24417e-06, 0, 0, 0, 0
0.0344945, 0.0375528, 0.0374742, 0.0175443, -3.37009, 2.7418e-05, 0, 0, 0, 0
0.043192, 0.0452428, 0.0339282, -0.00491645, -3.35861, 6.72786e-06, 0, 0, 0, 0
0.048826, 0.049308, 0.0316875, 0.00505039, -3.35675, 2.64587e-06, 0, 0, 0, 0
0.0521602, 0.0522034, 0.0274402, 0.0189261, -3.37214, 1.62338e-06, 0, 0, 0, 0
0.0659419, 0.0653814, 0.0389983, 0.0129207, -3.39259, -7.97966e-06, 0, 0, 0, 0
0.072197, 0.0704752, 0.014809, -0.0180152, -3.35849, -3.23938e-05, 0, 0, 0, 0
0.0734503, 0.0708579, 0.0099865, 0.0133157, -3.37932, -2.28028e-05, 0, 0, 0, 0
0.0919567, 0.088485, 0.0446945, 0.0356348, -3.42256, 3.25059e-06, 0, 0, 0, 0
0.0981085, 0.0959833, 0.00978854, -0.0160806, -3.40874, -3.23958e-05, 0, 0, 0, 0
0.0984746, 0.0938517, -0.0113488, 0.00508017, -3.40991, -3.84067e-05, 0, 0, 0, 0
0.121021, 0.113716, 0.0351671, 0.0322312, -3.43052, -2.4192e-05, 0, 0, 0, 0
0.128465, 0.122597, 0.0138693, 0.0079342, -3.43288, -4.96715e-05, 0, 0, 0, 0
0.128322, 0.122067, -0.0207751, 0.0042676, -3.43363, -7.71839e-05, 0, 0, 0, 0
0.140591, 0.131843, 0.0031833, 0.0331428, -3.45634, -2.97757e-05, 0, 0, 0, 0
0.147654, 0.140254, -0.0182306, 0.027699, -3.47321, -6.44411e-05, 0, 0, 0, 0
0.173717, 0.164364, 0.0287751, 0.0361183, -3.49879, -4.51619e-05, 0, 0, 0, 0
0.175046, 0.164917, -0.022719, 0.0189022, -3.48434, -9.99765e-05, 0, 0, 0, 0
0.194693, 0.180173, 0.0184111, 0.0602733, -3.50669, -8.83166e-05, 0, 0, 0, 0
0.204699, 0.1886, -0.0183521, 0.00605873, -3.45362, -0.000150379, 0, 0, 0, 0
0.199965, 0.182884, -0.0205567, 0.0545544, -3.47875, -9.56422e-05, 0, 0, 0, 0
0.218478, 0.20268, 0.0262859, 0.0869993, -3.52252, -8.02901e-05, 0, 0, 0, 0
0.227358, 0.216783, 0.000460741, 0.0398138, -3.51146, -0.000118111, 0, 0, 0, 0
0.225744, 0.210263, -0.0558904, 0.0289128, -3.4773, -0.000146109, 0, 0, 0, 0
0.243265, 0.223552, -0.00933563, 0.0459443, -3.47053, -0.000137927, 0, 0, 0, 0
0.240771, 0.223163, -0.00567471, 0.0997377, -3.52752, -0.000147912, 0, 0, 0, 0
0.255005, 0.239729, -0.00757214, 0.0431131, -3.47948, -0.000165986, 0, 0, 0, 0
0.258635, 0.237799, 0.00288929, 0.0867591, -3.49396, -0.000162556, 0, 0, 0, 0
0.26078, 0.248082, -0.0340906, 0.0579037, -3.50397, -0.000230971, 0, 0, 0, 0
0.274249, 0.254419, 2.55854e-06, 0.0974062, -3.51855, -0.000114628, 0, 0, 0, 0
0.284192, 0.261069, -0.00571778, 0.0876054, -3.4877, -0.000199034, 0, 0, 0, 0
0.286466, 0.269778, -0.055276, 0.0632723, -3.48517, -0.000303409, 0, 0, 0, 0
0.298947, 0.275109, -0.0308873, 0.0480214, -3.43073, -0.000174101, 0, 0, 0, 0
0.2939, 0.266258, -0.0371821, 0.0702186, -3.41358, -0.000286469, 0, 0, 0, 0
0.285634, 0.257311, -0.0076264, 0.0668034, -3.36487, -0.000206396, 0, 0, 0, 0
0.268857, 0.25423, 0.0019213, 0.120332, -3.44517, -0.000284667, 0, 0, 0, 0
0.274058, 0.267695, 0.0186192, 0.0928365, -3.45279, -0.000170541, 0, 0, 0, 0
0.284825, 0.275716, -0.0207101, 0.0684624, -3.43751, -0.000290598, 0, 0, 0, 0
0.291421, 0.266904, 0.0149985, 0.118162, -3.42421, -0.000111316, 0, 0, 0, 0
0.295624, 0.273742, 0.0203397, 0.14525, -3.46443, -0.000201047, 0, 0, 0, 0
0.306825, 0.287298, 0.0168398, 0.130451, -3.46367, -0.000158438, 0, 0, 0, 0
0.314551, 0.284858, -0.0213605, 0.0604314, -3.33721, -0.000189817, 0, 0, 0, 0
0.304308, 0.267455, 0.0057274, 0.134933, -3.34223, -0.000233329, 0, 0, 0, 0
0.293024, 0.269316, -0.00416923, 0.0689239, -3.28561, -0.00027048, 0, 0, 0, 0
0.276467, 0.253321, 0.0214881, 0.110051, -3.28518, -0.000218472, 1, 0, 0, 0
0.100854, -0.0548338, 0.881218, 1.84048, -4.36022, -0.0922431, 1, 0, 0, 0
-0.767307, -1.3326, 4.16255, 11.1739, -12.4783, -0.413975, 1, 0, 0, 0
-1.12348, -1.45457, 6.19193, 17.6402, -23.4122, -0.67266, 1, 0, 0, 0
-0.714402, -0.953613, 6.8215, 20.606, -30.6965, -0.815458, 1, 0, 0, 0
====
0.00310279, 0.00362323, 0.0623825, -0.00515176, -0.293851, -0.00885016, 0, 0, 0, 0
-0.00360158, -0.00046021, 0.0539651, -0.00491523, -0.261974, -0.0119279, 0, 0, 0, 0
-0.0124707, -0.00160623, 0.0646623, -0.00266198, -0.293918, -0.0107963, 0, 0, 0, 0
-0.0154283, -0.00713487, 0.0645247, 0.00692477, -0.307904, -0.00552392, 0, 0, 0, 0
-0.025233, -0.00967817, 0.0655615, 0.00974663, -0.295829, 0.00634145, 0, 0, 0, 0
-0.0348088, -0.00754242, 0.0620533, -0.000961624, -0.268461, 0.0143143, 0, 0, 0, 0
-0.0377202, -0.00457676, 0.0634022, -0.0156386, -0.262107, 0.0168019, 0, 0, 0, 0
-0.0368157, 0.000700496, 0.0646365, -0.0203954, -0.288164, 0.0129356, 0, 0, 0, 0
-0.0320558, 0.00584558, 0.0621771, -0.00919514, -0.294989, 0.00594299, 0, 0, 0, 0
-0.014903, 0.00291694, 0.0640559, 0.0165811, -0.270489, -0.00555966, 0, 0, 0, 0
-0.00261152, 0.00460983, 0.0635304, 0.0226099, -0.253682, -0.0106917, 0, 0, 0, 0
0.0176376, 0.000579782, 0.0673693, 0.0120625, -0.26899, -0.00941892, 0, 0, 0, 0
0.0193588, -0.000703944, 0.0666164, -0.00250189, -0.299705, -0.00369818, 0, 0, 0, 0
0.0194593, 0.00154269, 0.0639372, -0.00287035, -0.320847, -2.72553e-06, 0, 0, 0, 0
0.0133436, 0.00246765, 0.0604618, 0.0025488, -0.320712, -0.000760409, 0, 0, 0, 0
-0.000637548, -0.00326505, 0.0624944, -0.0036627, -0.300098, -0.00730543, 0, 0, 0, 0
-0.011364, 0.000164825, 0.0668446, -0.00679914, -0.267849, -0.0122468, 0, 0, 0, 0
-0.0149706, -0.00826519, 0.0688479, -0.00116924, -0.271282, -0.0113346, 0, 0, 0, 0
-0.0202988, -0.0084112, 0.0660131, 0.0077075, -0.304482, -0.00639343, 0, 0, 0, 0
-0.0288682, -0.0160399, 0.0633521, 0.00888746, -0.30639, 0.00434923, 0, 0, 0, 0
-0.0392572, -0.0156013, 0.0607368, -0.00155716, -0.287778, 0.0144657, 0, 0, 0, 0
-0.0468503, -0.011133, 0.0584204, -0.0138126, -0.280058, 0.0170325, 0, 0, 0, 0
-0.0493933, -0.00863701, 0.0596333, -0.023254, -0.294534, 0.0138135, 0, 0, 0, 0
-0.0492245, -0.00750566, 0.0583493, -0.0170037, -0.300915, 0.00787832, 0, 0, 0, 0
-0.0370309, -0.00942051, 0.0578714, 0.0109042, -0.280414, -0.00423668, 0, 0, 0, 0
-0.0168106, -0.0136573, 0.0556765, 0.0258468, -0.254771, -0.011172, 0, 0, 0, 0
-0.00976383, -0.0190123, 0.0576858, 0.0123283, -0.260167, -0.00936171, 0, 0, 0, 0
0.00571527, -0.0172861, 0.0530211, -0.00429651, -0.292286, -0.00415107, 0, 0, 0, 0
0.00125127, -0.0197403, 0.0496114, -0.00516389, -0.31873, 5.32348e-05, 0, 0, 0, 0
-0.0154547, -0.0300736, 0.0486778, 0.000927855, -0.321033, 0.000102027, 0, 0, 0, 0
-0.0126221, -0.00800587, 0.0410406, -0.00744947, -0.301105, -0.00721827, 0, 0, 0, 0
-0.0344296, -0.0225092, 0.0583087, -0.0178526, -0.258702, -0.0118218, 0, 0, 0, 0
-0.0446049, -0.0303855, 0.0657271, -0.00957093, -0.27001, -0.0115722, 0, 0, 0, 0
-0.0583479, -0.0454658, 0.0647215, -0.00140148, -0.298168, -0.00693645, 0, 0, 0, 0
-0.0622542, -0.0320278, 0.0379011, 0.0105851, -0.327226, 0.00483915, 0, 0, 0, 0
-0.084604, -0.0432554, 0.0337417, -0.00602912, -0.290152, 0.0143323, 0, 0, 0, 0
-0.0952111, -0.0471179, 0.0347466, -0.0214593, -0.274694, 0.0176518, 0, 0, 0, 0
-0.101002, -0.0469324, 0.0296028, -0.0306498, -0.295774, 0.0153317, 0, 0, 0, 0
-0.0881696, -0.0451595, 0.0173004, -0.0178304, -0.307422, 0.0075795, 0, 0, 0, 0
-0.0983965, -0.0629607, 0.0164622, 0.00289547, -0.278113, -0.00376713, 0, 0, 0, 0
-0.0667179, -0.0661428, 0.0132024, 0.0130978, -0.241942, -0.011631, 1, 0, 0, 0
-0.0800152, -0.0801568, 0.426022, 0.513905, -0.75509, -0.173595, 1, 0, 0, 0
-0.222174, -0.134621, 1.00652, 1.39546, -1.69313, -0.317006, 1, 0, 0, 0
-0.314477, -0.116873, 1.32944, 1.70633, -1.88034, -0.263238, 1, 0, 0, 0
-0.364184, -0.0598255, 1.68487, 1.60836, -1.73989, -0.203095, 1, 0, 0, 0
-0.427948, -0.0469584, 2.29527, 1.42125, -1.65817, -0.160178, 1, 0, 0, 0
-0.408704, 0.184584, 3.23725, 1.24976, -1.68222, -0.130969, 1, 0, 0, 0
====
-0.0247053, -0.00901842, 0.0652511, 0.0109747, -0.307735, 0.00502003, 0, 0, 0, 0
-0.0324257, -0.00786415, 0.0557777, -0.00125015, -0.28293, 0.0139469, 0, 0, 0, 0
-0.0402594, -0.00320191, 0.0580979, -0.0160566, -0.2925, 0.0167567, 0, 0, 0, 0
-0.0380549, 0.000565456, 0.061346, -0.0229776, -0.300941, 0.0132863, 0, 0, 0, 0
-0.0310638, 0.00354048, 0.0619046, -0.0106784, -0.291436, 0.00612217, 0, 0, 0, 0
-0.0133564, 0.002749, 0.0636482, 0.0171199, -0.253689, -0.00560507, 0, 0, 0, 0
0.00713449, 0.000805013, 0.0653503, 0.0248288, -0.231418, -0.0110111, 0, 0, 0, 0
0.013646, 0.00170817, 0.0647093, 0.0117073, -0.249166, -0.00889554, 0, 0, 0, 0
0.0214589, -0.000408046, 0.0664393, -0.00165231, -0.286712, -0.00399707, 0, 0, 0, 0
0.0223212, 0.00105808, 0.0653159, -0.00157685, -0.313406, 0.000116792, 0, 0, 0, 0
0.015731, 0.00268544, 0.0615027, 0.00668291, -0.316883, -6.35157e-05, 0, 0, 0, 0
0.00518041, 0.00056393, 0.0617548, 0.00323193, -0.295245, -0.00649288, 0, 0, 0, 0
-0.00313433, -0.00234542, 0.0652302, -0.00409143, -0.265789, -0.0118527, 0, 0, 0, 0
-0.0150301, -0.00105683, 0.0666437, -0.00213182, -0.274313, -0.0126705, 0, 0, 0, 0
-0.00660435, -0.0134611, 0.0634746, 0.00702481, -0.302559, -0.00872064, 0, 0, 0, 0
-0.0187971, -0.0146802, 0.0614212, 0.0137539, -0.307763, 0.00229151, 0, 0, 0, 0
-0.0234926, -0.0181215, 0.0586009, 0.00365858, -0.285849, 0.0126095, 0, 0, 0, 0
-0.024931, -0.0171122, 0.0569016, -0.0128759, -0.268692, 0.0165155, 0, 0, 0, 0
-0.0217441, -0.0136706, 0.0572479, -0.0241324, -0.285766, 0.0142752, 0, 0, 0, 0
-0.0134716, -0.0117249, 0.0569584, -0.0158595, -0.303735, 0.00795576, 0, 0, 0, 0
-0.000808485, -0.00991339, 0.054156, 0.0129659, -0.281804, -0.00468216, 0, 0, 0, 0
0.015493, -0.00911246, 0.0467872, 0.0236885, -0.253149, -0.0111654, 0, 0, 0, 0
0.0340222, -0.016537, 0.0380998, 0.0111617, -0.257031, -0.00911152, 0, 0, 0, 0
0.0469724, -0.0246979, 0.0313596, -0.00267173, -0.28624, -0.00430373, 0, 0, 0, 0
0.0457653, -0.0216609, 0.0253801, -0.00567681, -0.315692, 5.19496e-05, 0, 0, 0, 0
0.0587317, -0.0385823, 0.0215554, -0.00154239, -0.325424, 0.000980566, 0, 0, 0, 0
0.0261454, -0.0135769, 0.0161294, -0.00706501, -0.304967, -0.00586239, 0, 0, 0, 0
0.0325099, -0.0355598, 0.0202626, -0.0198998, -0.280567, -0.0116094, 0, 0, 0, 0
0.0391459, -0.0542137, 0.0307884, -0.0228937, -0.288345, -0.0126725, 0, 0, 0, 0
0.0207617, -0.0474637, 0.0415062, -0.00689993, -0.30652, -0.0102389, 0, 0, 0, 0
0.0349933, -0.0695211, 0.0627041, -0.00686365, -0.330641, 0.000277513, 0, 0, 0, 0
0.047519, -0.0860409, 0.0842622, -0.0155258, -0.313733, 0.0111357, 0, 0, 0, 0
0.0205751, -0.0613993, 0.0993547, -0.025632, -0.282951, 0.0169667, 0, 0, 0, 0
0.0470588, -0.0720844, 0.114721, -0.046544, -0.318158, 0.0142412, 0, 0, 0, 0
0.0440996, -0.0584498, 0.128215, -0.0254821, -0.311335, 0.00903422, 0, 0, 0, 0
0.0701743, -0.0666981, 0.118828, -0.00853981, -0.308955, -0.00317553, 0, 0, 0, 0
0.0957822, -0.0792165, 0.0984624, 0.00318113, -0.282455, -0.00961954, 0, 0, 0, 0
0.100393, -0.0757472, 0.0680587, 0.00442809, -0.265212, -0.0096894, 0, 0, 0, 0
0.108166, -0.0804348, 0.0577311, -0.0161113, -0.306107, -0.00530282, 0, 0, 0, 0
0.111507, -0.0825417, 0.0664243, -0.0278029, -0.342119, -0.000717405, 0, 0, 0, 0
0.112616, -0.0863884, 0.0752124, -0.0173169, -0.341397, 0.000275961, 0, 0, 0, 1
0.125028, -0.0675914, 0.722572, 0.886393, 0.624186, 0.272076, 0, 0, 0, 1
0.169166, 0.128802, 1.61521, 2.52004, 2.27164, 0.587306, 0, 0, 0, 1
0.29689, 0.365251, 2.18581, 3.44825, 2.9803, 0.610097, 0, 0, 0, 1
0.492612, 0.738197, 2.66291, 3.68118, 3.07817, 0.560828, 0, 0, 0, 1
